function [Z]=nonlin1(Y);

y1=0.01139;
y2=0.03736;
c1=0.7293;
c2=1.4974;
b=0.30991;


Z=(1./(1+c1*exp(-Y./y1)+c2*exp(-Y./y2)))-b;

Z=0.1*Z;